12000

#FF0000
12000
150 300 0
150 300 2000
200 250 3000
200 250 4000
150 330 7000
150 320 10500
150 300 11000

#FF0000
12000
200 250 0
150 330 3000
150 320 6500
150 300 7000
150 300 8000
150 300 10000
200 250 11000

#FF0000
12000
150 330 0
150 320 2500
150 300 3000
150 300 4000
150 300 6000
200 250 7000
200 250 8000
150 330 11000

#0000FF
12000
150 200 0
100 250 1000
100 250 2000
150 170 5000
150 180 8500
150 200 9000
150 200 10000

#0000FF
12000
133 210 0
150 170 1000
150 180 4500
150 200 5000
150 200 6000
150 200 8000
100 250 9000
100 250 10000

#0000FF
12000
150 170 0
150 180 500
150 200 1000
150 200 2000
150 200 4000
100 250 5000
100 250 6000
150 170 9000

#FFFFFF
4000
150 300 0
150 300 200
100 250 1000
100 250 1200
150 200 2000
150 200 2200
200 250 3000
200 250 3200
